
state={
	id=10
	name="STATE_10"
	provinces={
		658 843 1464 1499 1873 1882 2057 2069 2333 2552 2873 3120 3125 3745 3859 4141 4495 5120 5415 5503 5754 5937 5942 5984 6039 6298 6454 6793 7078 7400 7613 7632 7929 8089 8161 8354 8573 8592 8691 8703 8728 9091 9256 9552 9600 9964 10235 14270 14311 14319 14325 14354 14364 14370 14398 14411 14436 14453 14487 14499 14502 14507 14525 14544 14567 14610 14618 14638 14663 14699 14717 14719 18832 
	}
    
    history={
		owner = LAO
		add_core_of = LAO
	}
    
	manpower=1
	state_category = town
	buildings_max_level_factor=1.000
}
