
state={
	id=11
	name="STATE_11"
	provinces={
		231 347 741 746 919 1093 1322 1529 1721 1774 1866 1887 2067 2105 2129 2223 2571 2793 2896 2963 3385 3604 3679 3838 3867 4017 4380 4451 4550 4573 4718 4959 4965 5126 5276 5297 5594 5833 6095 6203 6357 6400 6447 6470 6499 6601 6612 6853 6922 7200 7202 7343 7600 8014 8140 8319 8610 8630 8696 8747 8786 8839 8905 8954 8965 8968 9238 9267 9333 9337 9400 9425 9468 9507 9522 9642 9647 9660 9662 9700 9796 9804 9940 9982 10097 13988 14022 14042 14093 14105 14110 14116 14122 14125 14142 14162 14172 14174 14175 14190 14201 14207 14219 14227 14238 14250 14266 14297 14317 14321 14336 14392 14412 14422 14477 14522 14563 14659 14675 14683 14700 14722 14755 14766 14770 14780 14789 14796 14805 14807 14813 14814 14830 14835 14849 14853 14857 14859 14867 14877 14882 14887 14903 15104 15106 
	}
    
    history={
		owner = VIE
		add_core_of = VIE
	}
    
	manpower=1
	state_category = town
	buildings_max_level_factor=1.000
}
