
state={
	id=15
	name="STATE_15"
	provinces={
		38 40 47 51 54 75 93 99 141 147 159 175 184 241 282 308 311 325 328 348 355 368 394 400 408 417 420 433 446 454 458 468 504 506 519 524 529 546 569 607 623 628 636 651 655 665 681 683 708 727 729 732 734 737 739 753 757 767 768 778 795 842 855 891 907 916 922 930 934 960 966 969 974 988 993 995 1009 1019 1030 1051 1054 1083 1101 1108 1121 1124 1128 1162 1173 1181 1184 1245 1251 1254 1267 1268 1286 1297 1299 1403 1413 1438 1439 1442 1451 1465 1470 1478 1496 1507 1514 1516 1522 1527 1536 1537 1539 1567 1578 1623 1626 1647 1692 1712 1715 1742 1764 1766 1783 1787 1792 1796 1819 1832 1853 1858 1864 1874 1886 1906 1912 1929 1931 1939 1962 1967 1968 1993 2007 2010 2020 2021 2023 2034 2047 2074 2076 2077 2112 2166 2168 2172 2174 2179 2185 2192 2202 2211 2226 2232 2249 2258 2267 2271 2284 2285 2296 2305 2323 2326 2337 2345 2353 2372 2377 2395 2396 2419 2420 2450 2452 2455 2465 2476 2487 2490 2497 2510 2546 2551 2566 2574 2599 2605 2615 2639 2644 2660 2661 2684 2698 2700 2705 2708 2724 2733 2743 2810 2811 2816 2834 2844 2846 2859 2889 2901 2911 2917 2926 2931 2940 2947 2960 2973 2975 2978 2981 2982 2984 3010 3017 3022 3024 3029 3030 3063 3064 3082 3085 3109 3112 3114 3117 3135 3157 3185 3190 3193 3203 3207 3211 3222 3232 3235 3243 3249 3279 3292 3294 3337 3360 3372 3390 3398 3400 3402 3418 3424 3448 3462 3476 3504 3523 3560 3585 3590 3615 3621 3639 3641 3663 3672 3693 3735 3743 3746 3783 3792 3796 3828 3864 3865 3921 3948 3966 3983 4023 4058 4063 4130 4143 4144 4152 4164 4166 4172 4178 4206 4239 4252 4274 4276 4283 4298 4327 4332 4335 4348 4356 4383 4400 4445 4466 4493 4494 4504 4577 4602 4607 4614 4650 4651 4673 4679 4714 4727 4728 4743 4746 4756 4761 4767 4777 4779 4815 4829 4834 4870 4906 4934 4941 4942 4944 4955 4974 4987 5038 5043 5055 5060 5107 5130 5138 5139 5190 5198 5240 5244 5245 5247 5256 5265 5270 5285 5287 5294 5376 5394 5402 5409 5435 5439 5471 5514 5520 5536 5581 5602 5627 5629 5633 5682 5732 5764 5765 5796 5797 5817 5831 5877 5883 5888 5889 5892 5895 5904 5921 5936 5949 5961 5986 6003 6049 6099 6147 6155 6197 6209 6217 6220 6240 6281 6300 6329 6359 6360 6365 6372 6415 6425 6433 6456 6476 6489 6539 6547 6566 6609 6623 6626 6627 6631 6652 6653 6713 6714 6717 6725 6745 6766 6773 6797 6805 6830 6882 6910 6913 6914 6918 6928 6937 6944 6954 6966 6980 6986 6990 6998 7021 7045 7051 7068 7090 7100 7127 7147 7169 7208 7209 7215 7267 7289 7296 7299 7312 7359 7420 7430 7482 7502 7533 7538 7558 7588 7619 7623 7647 7679 7695 7736 7757 7760 7791 7799 7821 7823 7859 7897 7900 7915 7922 7925 7933 7974 7997 8025 8046 8058 8080 8092 8125 8148 8154 8177 8183 8193 8210 8219 8238 8248 8263 8283 8304 8316 8317 8363 8393 8438 8453 8455 8470 8504 8508 8548 8557 8599 8628 8652 8720 8750 8752 8756 8758 8807 8811 8841 8844 8857 8862 8869 8875 8894 8927 8940 8967 8975 9032 9064 9074 9088 9095 9142 9165 9251 9275 9284 9288 9334 9335 9338 9366 9410 9426 9442 9457 9461 9526 9527 9529 9571 9605 9656 9664 9704 9726 9728 9764 9769 9824 9851 9928 10010 10012 10058 10153 10178 10209 10223 10226 10234 10242 10249 10264 10269 10799 10837 10867 10875 10878 10881 10883 10886 10925 10926 10934 10936 10942 10949 10955 10956 10957 10960 10961 10969 10972 10980 10981 10988 10989 10993 11009 11015 11019 11028 11029 11032 11038 11039 11042 11047 11049 11054 11064 11065 11067 11070 11074 11075 11076 11083 11084 11086 11088 11089 11096 11104 11108 11111 11113 11116 11122 11124 11134 11135 11141 11150 11156 11180 11182 11184 11185 11188 11192 11201 11205 11208 11212 11214 11215 11220 11221 11228 11234 11235 11236 11240 11241 11256 11257 11258 11264 11266 11267 11278 11283 11288 11293 11294 11299 11300 11314 11317 11324 11328 11338 11339 11340 11344 11353 11362 11390 11393 11394 11397 11401 11409 11420 11434 11436 11439 11451 11460 11461 11463 11467 11470 11471 11476 11479 11488 11490 11494 11497 11499 11503 11514 11517 11527 11538 11541 11561 11568 11573 11581 11582 11600 11609 11610 11618 11633 11645 11646 11666 11670 11679 11684 11689 11690 11709 11737 11755 11758 11759 18243 18249 18309 18323 18337 18352 18361 18365 18371 18397 18400 18406 18436 18439 18475 18536 18537 18540 18544 18545 18547 18550 18551 18552 18553 18556 18560 18561 18562 18567 18568 18569 18570 18571 18573 18719 18721 18729 18733 18736 
	}
    
    history={
		owner = MON
		add_core_of = MON
	}
    
	manpower=1
	state_category = town
	buildings_max_level_factor=1.000
}
