
state={
	id=2
	name="STATE_2"

	history={
		owner = PCC
		add_core_of = PCC

	}

	provinces={
		2 3 4 5 7 8 14 15 16 18 24 25 26 29 31 32 34 36 45 55 58 60 61 70 72 73 80 85 90 95 98 102 104 106 107 112 113 114 119 120 124 125 131 134 135 136 139 140 151 152 153 154 158 161 162 163 165 166 167 169 173 174 177 178 181 188 192 194 197 198 199 204 208 211 213 219 227 232 234 239 240 242 245 249 253 254 256 259 260 261 265 279 286 288 293 294 296 297 300 301 312 313 315 319 320 321 322 326 329 332 333 334 336 341 344 345 349 359 360 362 363 365 366 370 371 372 377 381 382 389 392 395 396 398 399 402 403 405 410 412 419 423 426 431 434 435 439 448 449 451 453 455 462 471 473 474 483 488 490 498 503 505 507 509 510 511 512 514 520 523 525 526 528 534 537 540 545 547 551 552 555 556 558 559 563 566 567 575 577 578 586 588 590 594 596 598 603 604 608 609 610 614 617 618 622 627 632 633 637 638 643 644 645 646 647 648 650 652 659 662 674 677 679 690 691 696 697 701 704 709 710 714 716 723 730 733 736 740 742 745 754 755 756 760 761 765 766 771 772 776 777 781 783 786 787 794 798 801 804 806 807 808 810 812 813 814 817 818 821 822 826 828 833 834 835 836 845 846 847 852 858 859 862 863 866 870 872 873 874 878 883 885 887 892 896 898 902 903 909 911 913 917 924 925 931 932 933 937 939 943 944 947 950 953 954 956 957 961 964 968 970 971 977 978 982 984 985 991 996 1000 1001 1002 1003 1005 1007 1010 1011 1012 1013 1016 1020 1022 1026 1031 1034 1035 1037 1038 1040 1041 1042 1044 1046 1048 1058 1059 1062 1065 1067 1070 1071 1073 1077 1079 1085 1086 1088 1090 1091 1092 1094 1096 1097 1104 1106 1110 1111 1123 1125 1130 1132 1135 1136 1137 1146 1152 1158 1159 1161 1164 1165 1169 1171 1172 1174 1176 1177 1178 1186 1189 1191 1192 1194 1196 1197 1205 1208 1216 1217 1226 1227 1228 1229 1230 1233 1234 1239 1241 1248 1252 1255 1257 1258 1261 1262 1266 1271 1273 1274 1275 1276 1277 1280 1282 1283 1284 1285 1289 1290 1292 1293 1301 1303 1307 1308 1309 1316 1317 1318 1319 1320 1323 1326 1332 1333 1334 1335 1341 1342 1343 1344 1345 1349 1352 1361 1363 1364 1365 1366 1371 1373 1384 1393 1394 1396 1402 1405 1409 1411 1416 1418 1422 1423 1432 1433 1436 1446 1449 1456 1457 1460 1463 1466 1467 1468 1471 1472 1473 1477 1481 1482 1485 1488 1490 1491 1497 1503 1504 1506 1510 1511 1515 1518 1519 1526 1528 1531 1533 1534 1535 1543 1544 1545 1546 1547 1551 1552 1553 1557 1559 1565 1566 1569 1570 1571 1574 1579 1581 1585 1590 1591 1592 1594 1603 1604 1605 1606 1608 1611 1622 1624 1627 1628 1632 1634 1635 1638 1646 1648 1650 1653 1659 1664 1667 1668 1669 1670 1671 1673 1678 1682 1684 1686 1687 1691 1697 1698 1701 1702 1706 1707 1714 1716 1719 1720 1724 1727 1728 1730 1731 1732 1733 1734 1735 1736 1739 1740 1741 1743 1744 1746 1748 1753 1756 1758 1759 1761 1762 1771 1772 1777 1778 1779 1781 1782 1784 1790 1791 1794 1795 1797 1800 1801 1803 1804 1805 1808 1810 1812 1814 1816 1817 1818 1823 1834 1835 1836 1839 1845 1848 1849 1852 1854 1855 1856 1859 1860 1863 1868 1870 1871 1872 1880 1883 1884 1885 1888 1889 1890 1891 1892 1895 1898 1900 1902 1904 1907 1908 1913 1914 1915 1916 1918 1919 1920 1922 1925 1927 1928 1932 1934 1936 1937 1938 1940 1942 1944 1945 1946 1947 1951 1953 1955 1956 1964 1965 1969 1971 1974 1976 1978 1979 1981 1983 1986 1987 1989 1990 1992 1997 2003 2006 2008 2009 2013 2014 2016 2025 2028 2029 2031 2032 2035 2040 2041 2042 2043 2044 2049 2051 2052 2054 2055 2056 2062 2065 2071 2081 2082 2086 2087 2089 2093 2096 2097 2104 2106 2111 2113 2119 2121 2122 2123 2124 2125 2126 2131 2134 2135 2138 2146 2149 2152 2153 2156 2157 2158 2159 2162 2164 2169 2170 2176 2177 2178 2184 2186 2187 2188 2191 2193 2204 2208 2215 2218 2221 2222 2225 2228 2230 2231 2234 2235 2238 2239 2242 2244 2247 2250 2253 2256 2259 2262 2264 2268 2270 2272 2275 2276 2280 2282 2288 2290 2303 2304 2310 2312 2316 2318 2320 2322 2327 2329 2331 2336 2338 2339 2342 2348 2349 2350 2354 2356 2360 2365 2367 2369 2370 2379 2383 2389 2390 2392 2398 2399 2400 2402 2412 2413 2415 2424 2425 2426 2427 2429 2432 2433 2435 2441 2448 2449 2451 2453 2456 2466 2467 2475 2478 2481 2488 2494 2499 2504 2505 2507 2514 2516 2519 2521 2527 2528 2533 2540 2542 2553 2557 2561 2563 2573 2577 2578 2581 2583 2586 2589 2591 2593 2594 2601 2603 2604 2606 2608 2610 2612 2613 2618 2621 2624 2627 2628 2631 2632 2636 2638 2640 2641 2642 2643 2646 2650 2651 2655 2656 2658 2662 2663 2664 2672 2673 2674 2675 2676 2677 2678 2681 2683 2690 2691 2693 2696 2697 2702 2704 2706 2710 2715 2717 2722 2729 2730 2731 2734 2735 2737 2738 2739 2741 2745 2749 2750 2754 2756 2759 2760 2765 2771 2773 2774 2778 2780 2781 2786 2788 2789 2790 2791 2795 2796 2797 2799 2802 2803 2806 2812 2814 2819 2822 2825 2826 2830 2831 2836 2838 2841 2848 2849 2851 2853 2863 2866 2867 2868 2869 2874 2877 2884 2885 2887 2890 2897 2898 2903 2904 2905 2906 2907 2914 2915 2918 2920 2922 2923 2925 2928 2930 2935 2939 2941 2942 2943 2944 2946 2952 2954 2955 2959 2966 2971 2972 2976 2979 2980 2985 2986 2988 2993 2994 2998 3002 3006 3008 3011 3013 3015 3016 3023 3031 3034 3035 3036 3037 3038 3040 3043 3044 3045 3046 3048 3049 3050 3051 3056 3058 3059 3061 3062 3067 3069 3071 3074 3076 3080 3081 3084 3086 3089 3092 3095 3097 3100 3102 3103 3104 3108 3110 3115 3121 3122 3124 3128 3130 3131 3136 3137 3140 3143 3144 3146 3147 3148 3151 3154 3155 3156 3158 3165 3166 3167 3169 3171 3176 3181 3182 3184 3186 3192 3196 3198 3200 3202 3204 3209 3210 3217 3224 3226 3237 3238 3241 3245 3246 3250 3253 3254 3255 3256 3261 3262 3265 3266 3269 3272 3276 3277 3282 3283 3285 3287 3288 3295 3296 3298 3301 3302 3303 3308 3310 3313 3314 3317 3319 3321 3323 3333 3338 3340 3341 3344 3345 3351 3352 3354 3356 3361 3362 3365 3368 3371 3373 3377 3382 3383 3384 3388 3389 3397 3405 3407 3408 3409 3410 3414 3417 3419 3425 3426 3427 3428 3431 3436 3438 3440 3442 3443 3444 3447 3456 3458 3459 3460 3464 3465 3466 3469 3471 3472 3478 3479 3486 3487 3488 3489 3490 3491 3492 3493 3494 3497 3502 3503 3505 3506 3512 3515 3516 3517 3518 3520 3522 3525 3526 3527 3531 3535 3536 3537 3546 3550 3553 3555 3558 3564 3565 3567 3568 3571 3573 3574 3575 3577 3581 3584 3591 3595 3597 3606 3610 3611 3617 3622 3623 3625 3626 3627 3632 3634 3635 3636 3644 3648 3650 3652 3661 3664 3670 3674 3683 3685 3691 3695 3696 3708 3710 3712 3714 3715 3723 3724 3725 3734 3739 3741 3742 3749 3754 3755 3756 3757 3760 3763 3765 3766 3768 3769 3770 3771 3775 3777 3781 3782 3784 3787 3789 3790 3798 3800 3803 3809 3811 3817 3818 3822 3823 3827 3830 3831 3833 3834 3839 3840 3841 3843 3846 3848 3854 3855 3856 3866 3868 3871 3873 3874 3876 3878 3879 3880 3881 3883 3888 3889 3893 3895 3896 3899 3901 3902 3903 3904 3907 3910 3913 3915 3918 3922 3923 3926 3927 3930 3932 3933 3934 3935 3937 3939 3944 3945 3951 3952 3960 3961 3969 3970 3971 3975 3976 3978 3981 3985 3989 3990 3991 3996 3998 3999 4000 4004 4007 4008 4010 4013 4014 4015 4018 4020 4021 4022 4026 4027 4039 4040 4042 4043 4045 4046 4047 4050 4054 4057 4059 4061 4065 4067 4072 4073 4075 4080 4082 4083 4086 4090 4092 4096 4100 4102 4103 4108 4109 4113 4116 4118 4122 4123 4131 4133 4134 4137 4140 4146 4149 4154 4157 4158 4159 4162 4163 4167 4168 4173 4176 4180 4182 4183 4186 4189 4191 4192 4194 4196 4198 4199 4201 4204 4208 4210 4215 4216 4217 4218 4219 4224 4226 4229 4233 4235 4243 4244 4246 4247 4248 4249 4251 4253 4256 4264 4269 4273 4275 4279 4281 4282 4290 4295 4296 4297 4309 4310 4313 4315 4317 4323 4324 4325 4328 4329 4330 4336 4337 4338 4343 4349 4350 4352 4354 4355 4358 4361 4363 4370 4371 4372 4375 4376 4377 4379 4382 4390 4392 4394 4396 4397 4398 4399 4403 4407 4409 4410 4415 4417 4422 4423 4424 4425 4428 4431 4432 4433 4434 4438 4440 4446 4448 4454 4455 4456 4458 4459 4460 4464 4471 4473 4474 4475 4476 4478 4482 4485 4487 4488 4490 4492 4497 4498 4499 4505 4507 4512 4516 4520 4521 4527 4528 4530 4532 4533 4535 4536 4537 4538 4539 4540 4541 4545 4546 4548 4549 4553 4557 4561 4562 4563 4569 4571 4574 4576 4584 4585 4586 4589 4590 4591 4592 4593 4594 4597 4598 4600 4601 4609 4610 4611 4612 4613 4620 4627 4630 4631 4635 4636 4638 4649 4655 4659 4660 4661 4663 4668 4670 4672 4675 4678 4683 4686 4687 4698 4700 4705 4707 4709 4715 4716 4717 4719 4721 4722 4724 4725 4729 4731 4736 4737 4738 4741 4744 4745 4751 4752 4754 4758 4762 4763 4765 4769 4772 4774 4778 4785 4791 4793 4805 4807 4811 4816 4831 4835 4838 4839 4843 4846 4851 4852 4853 4856 4859 4860 4864 4865 4868 4869 4871 4872 4873 4875 4876 4878 4880 4883 4885 4886 4887 4888 4890 4893 4894 4895 4897 4898 4900 4903 4904 4908 4910 4911 4915 4916 4919 4920 4921 4922 4923 4925 4927 4928 4929 4930 4937 4938 4940 4948 4961 4962 4963 4964 4966 4969 4970 4971 4973 4976 4977 4980 4981 4983 4984 4986 4990 4997 4998 5000 5010 5019 5022 5028 5029 5037 5039 5045 5046 5048 5049 5052 5057 5066 5071 5075 5078 5084 5085 5088 5090 5094 5097 5098 5099 5100 5101 5102 5108 5109 5110 5112 5116 5117 5118 5121 5127 5131 5132 5133 5135 5144 5147 5150 5152 5154 5157 5158 5161 5163 5164 5166 5167 5169 5170 5174 5185 5186 5188 5191 5193 5195 5197 5202 5204 5207 5214 5218 5225 5226 5231 5232 5233 5235 5237 5239 5242 5249 5250 5251 5252 5257 5261 5266 5267 5271 5272 5273 5275 5282 5284 5288 5290 5292 5293 5296 5298 5299 5302 5303 5306 5307 5308 5311 5318 5319 5320 5322 5323 5325 5327 5329 5332 5333 5336 5337 5339 5341 5343 5345 5346 5348 5350 5351 5352 5355 5356 5358 5362 5365 5371 5372 5378 5379 5380 5381 5382 5383 5384 5385 5388 5389 5390 5392 5403 5406 5410 5414 5416 5419 5421 5422 5426 5427 5436 5437 5442 5444 5446 5447 5455 5457 5460 5461 5463 5464 5466 5475 5478 5482 5485 5486 5487 5489 5492 5495 5496 5497 5501 5502 5504 5508 5512 5513 5516 5518 5529 5530 5531 5532 5537 5538 5539 5541 5542 5544 5547 5548 5551 5552 5553 5562 5564 5568 5569 5570 5572 5576 5577 5578 5579 5580 5583 5588 5591 5597 5599 5601 5604 5605 5606 5612 5613 5618 5621 5623 5624 5628 5632 5635 5636 5637 5641 5642 5644 5646 5648 5650 5657 5658 5660 5663 5665 5667 5668 5669 5670 5671 5672 5673 5676 5690 5694 5696 5700 5704 5709 5710 5712 5715 5719 5720 5722 5723 5725 5730 5733 5736 5740 5742 5749 5750 5753 5755 5758 5763 5767 5768 5772 5774 5776 5778 5779 5785 5786 5787 5789 5793 5795 5799 5802 5804 5805 5806 5809 5810 5813 5820 5822 5824 5832 5835 5843 5847 5848 5849 5850 5851 5854 5855 5857 5858 5861 5862 5866 5873 5874 5875 5878 5882 5884 5885 5886 5893 5897 5898 5899 5900 5902 5908 5909 5910 5912 5914 5917 5922 5923 5927 5929 5934 5935 5938 5939 5940 5943 5945 5946 5955 5956 5958 5959 5963 5964 5965 5967 5968 5970 5971 5973 5976 5979 5983 5987 5989 5990 5991 5995 5998 5999 6005 6006 6008 6011 6012 6015 6016 6021 6022 6023 6026 6027 6028 6029 6034 6035 6036 6037 6040 6042 6043 6046 6054 6056 6057 6059 6060 6061 6062 6065 6067 6071 6073 6074 6080 6081 6082 6084 6085 6086 6092 6093 6094 6097 6098 6104 6106 6109 6111 6112 6113 6115 6119 6126 6129 6131 6132 6133 6135 6137 6139 6140 6141 6143 6145 6149 6153 6154 6157 6166 6168 6173 6177 6181 6183 6184 6192 6195 6196 6200 6201 6202 6204 6210 6214 6218 6219 6221 6226 6230 6231 6232 6234 6236 6238 6239 6241 6242 6245 6248 6252 6256 6261 6262 6272 6274 6275 6278 6283 6286 6292 6293 6299 6304 6306 6308 6311 6312 6313 6315 6319 6322 6326 6327 6336 6345 6346 6356 6362 6363 6366 6367 6368 6370 6373 6377 6379 6381 6383 6384 6389 6390 6397 6398 6403 6407 6409 6410 6412 6414 6417 6424 6428 6429 6431 6434 6437 6439 6441 6444 6448 6451 6455 6458 6459 6463 6477 6480 6481 6482 6493 6495 6502 6503 6509 6510 6511 6517 6518 6519 6521 6522 6524 6525 6530 6531 6533 6534 6535 6536 6538 6540 6541 6543 6546 6548 6549 6551 6552 6558 6559 6563 6565 6571 6576 6577 6579 6580 6581 6584 6586 6587 6588 6589 6591 6594 6595 6598 6599 6606 6613 6614 6618 6621 6625 6628 6630 6633 6635 6638 6640 6641 6642 6643 6644 6645 6647 6648 6649 6651 6654 6664 6666 6667 6669 6673 6675 6678 6684 6685 6688 6689 6690 6692 6695 6696 6697 6698 6704 6705 6708 6709 6711 6723 6724 6726 6730 6737 6738 6741 6742 6743 6744 6747 6748 6752 6754 6757 6758 6760 6761 6762 6763 6765 6770 6771 6774 6779 6781 6783 6785 6786 6788 6790 6791 6794 6799 6800 6801 6811 6814 6818 6829 6836 6840 6841 6843 6845 6848 6851 6852 6854 6857 6860 6862 6866 6867 6869 6870 6872 6874 6875 6877 6878 6879 6880 6881 6884 6886 6887 6898 6900 6901 6902 6905 6906 6907 6909 6912 6930 6931 6932 6933 6935 6936 6940 6941 6942 6946 6947 6948 6950 6952 6955 6957 6959 6963 6965 6968 6969 6970 6976 6977 6979 6981 6982 6983 6987 6988 6994 6995 6996 7001 7005 7008 7011 7014 7017 7025 7026 7027 7028 7029 7033 7035 7037 7038 7039 7042 7043 7044 7052 7055 7056 7057 7058 7062 7064 7066 7067 7073 7074 7075 7083 7084 7085 7088 7089 7091 7092 7093 7094 7098 7101 7102 7105 7110 7113 7114 7118 7120 7124 7126 7129 7131 7133 7134 7137 7139 7141 7149 7150 7156 7159 7160 7161 7165 7167 7168 7170 7176 7180 7182 7183 7185 7191 7194 7195 7197 7198 7199 7201 7207 7210 7214 7216 7217 7218 7224 7225 7231 7233 7234 7235 7236 7240 7241 7242 7254 7257 7260 7261 7263 7265 7270 7271 7272 7273 7274 7277 7287 7288 7297 7300 7302 7305 7308 7310 7311 7315 7316 7320 7322 7325 7329 7331 7336 7337 7338 7348 7350 7353 7355 7357 7358 7363 7364 7365 7366 7368 7371 7372 7376 7377 7384 7386 7387 7391 7394 7397 7398 7399 7403 7406 7407 7408 7411 7416 7418 7423 7425 7426 7428 7429 7433 7435 7439 7442 7447 7448 7449 7451 7456 7457 7458 7459 7460 7462 7463 7466 7468 7470 7471 7474 7475 7476 7477 7487 7493 7494 7497 7500 7501 7505 7506 7507 7509 7511 7519 7522 7525 7529 7531 7536 7539 7540 7541 7542 7544 7545 7561 7562 7563 7564 7565 7572 7576 7581 7586 7591 7592 7594 7596 7598 7607 7608 7609 7611 7616 7617 7620 7624 7628 7631 7634 7635 7638 7641 7642 7644 7645 7649 7650 7657 7658 7659 7660 7665 7668 7669 7670 7671 7674 7676 7677 7680 7685 7686 7687 7688 7692 7694 7697 7698 7701 7705 7707 7709 7712 7715 7716 7717 7718 7719 7722 7724 7726 7729 7732 7734 7738 7740 7743 7744 7747 7749 7750 7752 7764 7766 7769 7770 7771 7772 7773 7777 7780 7782 7785 7786 7790 7794 7795 7796 7801 7805 7806 7807 7808 7809 7811 7813 7814 7816 7827 7831 7833 7837 7843 7846 7847 7851 7852 7855 7858 7861 7862 7864 7867 7868 7871 7875 7876 7877 7878 7880 7882 7884 7887 7888 7890 7893 7895 7899 7904 7909 7914 7918 7926 7927 7938 7939 7942 7948 7950 7955 7959 7961 7963 7965 7968 7970 7971 7972 7985 7988 7993 7994 7995 7996 8000 8001 8002 8003 8005 8006 8007 8008 8012 8013 8016 8018 8024 8028 8035 8036 8038 8041 8042 8043 8050 8053 8054 8055 8057 8067 8068 8071 8073 8076 8077 8087 8088 8090 8091 8093 8095 8097 8098 8099 8101 8102 8104 8105 8106 8108 8109 8110 8111 8115 8118 8119 8120 8121 8126 8135 8137 8139 8144 8145 8147 8149 8150 8151 8153 8155 8159 8162 8163 8166 8167 8168 8169 8171 8173 8174 8175 8176 8181 8187 8189 8192 8195 8199 8200 8203 8206 8209 8213 8214 8215 8216 8222 8225 8228 8229 8230 8231 8232 8233 8235 8236 8237 8240 8245 8250 8251 8252 8253 8254 8257 8259 8260 8261 8265 8266 8269 8272 8275 8286 8287 8288 8290 8291 8292 8294 8296 8297 8300 8301 8307 8308 8312 8314 8315 8321 8325 8326 8329 8331 8332 8335 8336 8338 8339 8340 8342 8344 8346 8348 8356 8359 8361 8365 8366 8368 8372 8373 8377 8379 8381 8384 8387 8392 8394 8396 8398 8399 8403 8408 8409 8410 8415 8417 8419 8420 8421 8422 8426 8431 8436 8442 8444 8445 8447 8448 8461 8462 8464 8465 8466 8467 8472 8473 8477 8478 8483 8486 8491 8495 8499 8501 8502 8503 8507 8509 8512 8513 8514 8515 8517 8519 8525 8529 8531 8533 8536 8538 8540 8543 8545 8546 8550 8553 8554 8556 8559 8562 8563 8564 8565 8566 8571 8577 8581 8582 8584 8585 8588 8590 8591 8593 8596 8598 8600 8603 8607 8612 8615 8618 8627 8632 8635 8636 8637 8640 8641 8643 8645 8650 8656 8661 8662 8663 8666 8667 8668 8669 8672 8673 8674 8678 8684 8687 8689 8690 8694 8700 8702 8704 8705 8706 8707 8709 8711 8713 8714 8715 8716 8718 8719 8722 8725 8726 8727 8729 8731 8744 8745 8754 8757 8759 8761 8762 8764 8766 8768 8770 8775 8776 8777 8779 8781 8784 8787 8792 8793 8795 8796 8797 8798 8800 8803 8804 8809 8812 8813 8817 8821 8822 8824 8826 8835 8836 8838 8840 8845 8853 8854 8855 8856 8859 8861 8865 8866 8870 8871 8872 8876 8877 8888 8890 8891 8897 8898 8899 8903 8906 8908 8909 8910 8911 8915 8918 8919 8920 8922 8924 8925 8928 8929 8932 8934 8935 8938 8939 8941 8942 8943 8948 8950 8953 8955 8956 8959 8961 8963 8964 8974 8977 8979 8980 8984 8985 8987 8988 8992 9005 9007 9009 9011 9016 9017 9018 9023 9024 9026 9028 9030 9031 9033 9035 9042 9044 9046 9047 9048 9049 9052 9057 9058 9069 9070 9076 9077 9079 9083 9084 9086 9092 9093 9096 9097 9099 9100 9107 9115 9118 9121 9122 9123 9124 9125 9127 9130 9131 9134 9136 9140 9141 9143 9144 9147 9148 9151 9154 9155 9156 9157 9160 9162 9163 9164 9166 9167 9171 9172 9173 9174 9175 9176 9179 9180 9181 9182 9183 9185 9186 9190 9191 9192 9197 9198 9199 9200 9201 9203 9205 9206 9207 9210 9217 9219 9224 9229 9231 9232 9239 9240 9241 9243 9244 9248 9250 9257 9263 9264 9268 9269 9270 9273 9279 9281 9285 9289 9290 9291 9292 9293 9297 9301 9305 9306 9308 9310 9312 9313 9318 9321 9324 9326 9327 9328 9330 9340 9341 9342 9345 9351 9352 9354 9357 9358 9359 9360 9364 9367 9370 9371 9372 9373 9374 9375 9378 9380 9386 9387 9388 9392 9398 9399 9406 9409 9411 9412 9414 9430 9432 9433 9434 9435 9437 9441 9453 9459 9460 9464 9467 9469 9474 9475 9479 9480 9485 9487 9488 9490 9491 9493 9496 9498 9501 9503 9505 9512 9513 9514 9517 9518 9520 9528 9530 9531 9536 9539 9542 9546 9549 9550 9554 9555 9556 9559 9568 9569 9570 9572 9578 9582 9583 9584 9586 9592 9593 9596 9597 9598 9599 9602 9608 9611 9612 9614 9615 9622 9624 9625 9626 9628 9629 9631 9632 9638 9639 9640 9641 9645 9646 9648 9649 9650 9651 9653 9654 9665 9666 9668 9671 9673 9674 9681 9682 9683 9684 9687 9692 9693 9695 9697 9698 9699 9703 9710 9714 9717 9718 9721 9724 9730 9732 9733 9739 9741 9742 9743 9747 9750 9751 9754 9758 9759 9761 9765 9766 9768 9770 9771 9772 9775 9776 9780 9782 9789 9791 9792 9793 9798 9799 9802 9805 9815 9816 9818 9819 9820 9821 9825 9827 9828 9831 9838 9840 9843 9845 9846 9847 9849 9856 9857 9863 9864 9866 9870 9880 9882 9883 9887 9891 9897 9899 9902 9905 9906 9907 9911 9912 9916 9919 9923 9929 9931 9933 9934 9937 9938 9942 9945 9946 9950 9951 9952 9955 9958 9961 9962 9970 9971 9979 9981 9984 9987 9988 9989 9993 9995 9996 9997 10001 10003 10004 10005 10008 10011 10016 10017 10018 10022 10026 10027 10030 10031 10034 10037 10038 10041 10043 10050 10052 10053 10055 10056 10059 10062 10065 10066 10069 10070 10073 10076 10079 10082 10085 10086 10088 10089 10091 10092 10093 10098 10099 10100 10102 10104 10105 10107 10108 10109 10115 10118 10122 10124 10125 10127 10128 10129 10130 10132 10133 10134 10135 10138 10139 10144 10150 10154 10158 10163 10165 10171 10174 10176 10177 10184 10185 10187 10189 10192 10193 10196 10197 10199 10202 10203 10205 10210 10211 10224 10229 10236 10240 10243 10245 10246 10247 10250 10251 10252 10253 10254 10255 10261 10262 10265 10266 10267 10272 10273 10274 10275 10277 10279 10281 10285 10287 10289 10291 10294 10295 10299 10300 10301 10524 10542 10555 10560 10564 10597 10605 10622 10630 10646 10656 10659 10677 10697 10724 10725 10737 10745 10763 10780 10813 10822 10824 10829 10831 10832 10845 10851 10856 10863 10876 10884 10887 10891 10892 10895 10907 10908 10909 10910 10913 10922 10924 10931 10933 10946 10947 10950 10951 10958 10962 10964 10973 10975 10977 10982 10985 10987 10991 10999 11002 11006 11008 11013 11016 11017 11020 11024 11026 11030 11033 11034 11035 11040 11041 11043 11044 11048 11052 11055 11057 11059 11060 11061 11062 11063 11068 11069 11071 11072 11077 11078 11085 11087 11090 11094 11097 11098 11099 11100 11101 11102 11103 11106 11109 11117 11118 11120 11121 11125 11127 11128 11129 11131 11132 11133 11136 11138 11139 11140 11142 11143 11144 11147 11148 11152 11153 11157 11158 11159 11160 11161 11163 11164 11165 11167 11168 11169 11170 11172 11174 11175 11178 11179 11181 11183 11187 11190 11193 11195 11198 11199 11202 11203 11204 11206 11207 11209 11210 11213 11218 11222 11223 11224 11226 11227 11229 11230 11232 11233 11237 11238 11242 11243 11244 11246 11249 11252 11254 11255 11260 11261 11262 11263 11265 11268 11269 11272 11273 11274 11275 11279 11281 11282 11284 11285 11286 11287 11289 11290 11291 11295 11296 11297 11301 11307 11308 11309 11310 11311 11312 11315 11316 11318 11319 11320 11321 11325 11326 11327 11330 11331 11332 11333 11334 11335 11336 11337 11343 11345 11346 11347 11348 11354 11355 11356 11357 11358 11359 11360 11361 11365 11369 11370 11371 11373 11374 11375 11376 11377 11380 11381 11382 11383 11384 11385 11387 11388 11391 11392 11395 11398 11400 11402 11405 11406 11407 11410 11411 11412 11413 11414 11416 11417 11418 11419 11421 11422 11423 11425 11426 11427 11429 11430 11433 11435 11437 11438 11440 11442 11443 11444 11446 11447 11448 11449 11452 11453 11455 11456 11458 11459 11464 11465 11468 11469 11472 11473 11474 11478 11480 11481 11484 11485 11487 11489 11491 11492 11495 11496 11498 11501 11502 11504 11505 11506 11509 11510 11511 11512 11515 11516 11518 11519 11520 11521 11522 11523 11524 11526 11528 11531 11532 11533 11534 11536 11537 11539 11540 11542 11543 11544 11545 11547 11548 11549 11550 11553 11557 11558 11559 11562 11563 11566 11567 11569 11570 11571 11574 11575 11576 11578 11583 11586 11587 11588 11589 11590 11591 11593 11594 11596 11598 11599 11601 11603 11604 11605 11612 11613 11614 11615 11619 11620 11621 11622 11624 11625 11627 11629 11634 11635 11636 11637 11638 11639 11641 11647 11648 11649 11650 11653 11655 11657 11659 11661 11663 11665 11667 11668 11671 11672 11673 11674 11676 11678 11680 11681 11682 11683 11685 11686 11687 11688 11691 11692 11693 11694 11697 11698 11699 11700 11701 11704 11705 11706 11707 11708 11710 11712 11713 11714 11716 11717 11718 11719 11720 11722 11723 11724 11725 11726 11727 11728 11729 11730 11733 11735 11736 11738 11739 11740 11741 11742 11744 11745 11746 11747 11748 11751 11752 11754 11756 11757 11760 11762 11763 11765 11766 11767 11768 11769 11770 11771 11772 11773 11774 11775 11777 11778 11780 11781 11782 11783 11786 11787 11788 11790 11792 11793 11794 11795 11796 11797 11799 11800 11803 11804 11805 11806 11807 11808 11809 11810 11811 11812 11813 11814 11815 11816 11817 11818 11819 11822 11823 11824 11825 11827 11828 11829 11831 11834 11835 11837 11838 11840 11842 11843 11845 11846 11848 11849 11851 11852 11853 11857 11858 11859 11860 11861 11863 11864 11866 11867 11869 11870 11871 11872 11873 11874 11875 11876 11877 11879 11881 11882 11883 11884 11885 11886 11889 11890 11892 11895 11896 11898 11899 11900 11901 11902 11904 11906 11907 11908 11909 11910 11913 11914 11915 11917 11918 11920 11921 11922 11923 11924 11925 11927 11928 11929 11930 11933 11935 11937 11938 11940 11941 11944 11945 11947 11949 11954 11955 11956 11957 11958 11959 11961 11962 11963 11966 11967 11968 11969 11971 11975 11976 11977 11979 11980 11981 11983 11985 11986 11988 11989 11990 11991 11992 11993 11994 11995 11996 12000 12001 12002 12003 12004 12006 12008 12010 12012 12013 12014 12016 12017 12018 12019 12020 12021 12022 12023 12027 12028 12029 12031 12033 12035 12036 12037 12040 12041 12042 12043 12047 12048 12049 12050 12051 12053 12054 12061 12063 12064 12065 12066 12068 12070 12071 12072 12073 12075 12077 12078 12079 12081 12082 12085 12086 12088 12089 12090 12092 12093 12094 12095 12097 12098 12099 12100 12102 12104 12105 12106 12107 12110 12112 12113 12114 12116 12119 12120 12121 12122 12123 12124 12125 12127 12128 12131 12133 12134 12135 12137 12138 12140 12142 12143 12144 12145 12147 12148 12150 12152 12153 12154 12155 12159 12161 12162 12163 12164 12167 12169 12170 12171 12172 12174 12175 12177 12179 12180 12181 12183 12184 12186 12191 12192 12193 12194 12195 12197 12198 12199 12200 12201 12202 12203 12204 12205 12206 12207 12209 12210 12211 12212 12213 12214 12215 12218 12219 12224 12225 12226 12227 12228 12229 12230 12231 12232 12233 12234 12235 12236 12239 12240 12241 12242 12243 12245 12246 12247 12248 12250 12252 12253 12254 12255 12257 12258 12260 12261 12262 12263 12264 12265 12266 12267 12268 12269 12273 12274 12276 12277 12278 12279 12280 12282 12285 12286 12288 12289 12290 12293 12294 12295 12296 12297 12300 12301 12303 12304 12305 12306 12307 12308 12309 12310 12311 12316 12317 12318 12319 12320 12321 12323 12324 12326 12327 12328 12329 12330 12333 12334 12335 12336 12338 12342 12343 12344 12345 12346 12347 12350 12351 12352 12354 12356 12357 12358 12359 12360 12362 12363 12364 12367 12368 12371 12372 12373 12374 12375 12376 12379 12381 12383 12384 12385 12386 12387 12388 12389 12390 12391 12392 12394 12395 12399 12400 12401 12402 12403 12404 12405 12407 12408 12409 12410 12412 12413 12414 12415 12417 12418 12420 12421 12422 12425 12426 12427 12428 12430 12431 12434 12435 12436 12438 12439 12441 12442 12443 12444 12445 12446 12447 12448 12449 12453 12454 12455 12456 12457 12458 12459 12461 12463 12465 12467 12468 12469 12470 12473 12474 12477 12478 12480 12481 12483 12484 12485 12486 12487 12488 12490 12491 12496 12497 12498 12499 12500 12501 12502 12505 12506 12507 12508 12509 12511 12513 12517 12518 12520 12522 12523 12524 12525 12526 12527 12529 12530 12531 12532 12533 12534 12536 12538 12539 12540 12542 12546 12548 12551 12555 12556 12557 12558 12559 12560 12562 12563 12566 12568 12570 12572 12573 12576 12577 12578 12583 12585 12586 12587 12588 12589 12591 12592 12593 12594 12595 12597 12598 12601 12602 12605 12606 12607 12608 12609 12610 12612 12613 12615 12616 12617 12618 12619 12620 12621 12622 12623 12624 12625 12626 12627 12628 12629 12631 12632 12634 12635 12638 12639 12641 12642 12647 12648 12649 12651 12652 12654 12655 12656 12658 12660 12661 12662 12666 12667 12668 12669 12670 12671 12672 12674 12675 12676 12677 12678 12679 12680 12683 12684 12686 12688 12689 12690 12692 12693 12694 12695 12696 12697 12698 12699 12700 12701 12703 12704 12705 12707 12708 12709 12710 12713 12714 12717 12718 12719 12720 12721 12722 12723 12725 12727 12728 12729 12730 12731 12732 12733 12735 12736 12737 12739 12742 12743 12744 12746 12747 12748 12750 12751 12754 12755 12757 12758 12759 12760 12761 12762 12763 12766 12768 12769 12771 12773 12774 12776 12779 12781 12782 12784 12788 12789 12793 12798 12799 12800 12801 12802 12803 12804 12809 12810 12811 12812 12814 12815 12816 12817 12818 12819 12822 12823 12824 12825 12826 12827 12829 12830 12832 12833 12834 12835 12836 12837 12838 12840 12841 12842 12843 12845 12848 12849 12850 12851 12852 12853 12854 12855 12856 12857 12858 12860 12861 12862 12864 12865 12867 12870 12872 12873 12874 12875 12878 12879 12880 12882 12883 12885 12886 12887 12888 12889 12890 12891 12897 12898 12900 12901 12902 12903 12904 12905 12906 12908 12910 12912 12913 12914 12915 12916 12917 12918 12920 12921 12922 12923 12925 12928 12929 12931 12933 12935 12936 12940 12941 12942 12943 12946 12947 12951 12952 12953 12956 12958 12959 12961 12962 12964 12965 12967 12968 12969 12970 12972 12973 12974 12977 12980 12982 12983 12984 12985 12987 12990 12992 12993 12994 12995 12996 12997 13005 13007 13008 13009 13010 13014 13015 13016 13017 13020 13022 13023 13024 13025 13026 13027 13028 13030 13031 13032 13033 13034 13035 13038 13039 13040 13041 13043 13044 13045 13046 13047 13051 13052 13053 13054 13055 13056 13057 13058 13060 13061 13062 13063 13064 13065 13066 13069 13070 13071 13073 13074 13076 13077 13079 13082 13083 13084 13085 13086 13088 13089 13090 13091 13092 13093 13095 13096 13097 13098 13099 13100 13101 13102 13104 13106 13108 13109 13110 13111 13112 13115 13116 13117 13119 13120 13121 13123 13124 13126 13128 13129 13132 13133 13134 13135 13136 13138 13139 13140 13141 13142 13143 13144 13145 13146 13147 13148 13149 13150 13151 13153 13157 13158 13159 13162 13163 13164 13165 13167 13168 13169 13170 13173 13178 13179 13180 13181 13182 13184 13185 13187 13188 13190 13191 13193 13194 13196 13197 13200 13201 13202 13203 13204 13205 13206 13207 13208 13210 13211 13212 13213 13214 13215 13218 13222 13227 13228 13229 13230 13231 13232 13233 13235 13236 13237 13238 13240 13242 13243 13245 13246 13249 13250 13251 13257 13258 13261 13262 13263 13264 13265 13267 13269 13270 13271 13272 13273 13276 13277 13278 13279 13285 13286 13287 13288 13290 13293 13294 13295 13296 13302 13303 13304 13306 13307 13308 13312 13314 13315 13316 13320 13323 13325 13326 13327 13328 13332 13333 13335 13336 13339 13340 13343 13344 13345 13346 13347 13349 13350 13353 13354 13355 13356 13358 13359 13360 13361 13363 13371 13373 13375 13377 13378 13380 13382 13384 13387 13388 13391 13392 13394 13395 13396 13398 13399 13400 13401 13402 13404 13406 13407 13408 13413 13414 13416 13419 13420 13421 13427 13428 13430 13432 13433 13434 13437 13439 13440 13442 13443 13444 13449 13452 13455 13456 13457 13458 13460 13461 13465 13466 13468 13469 13470 13474 13475 13476 13480 13481 13482 13483 13485 13488 13489 13491 13493 13495 13498 13503 13504 13507 13508 13509 13511 13512 13517 13519 13520 13525 13526 13527 13529 13531 13533 13534 13536 13539 13541 13544 13545 13546 13547 13548 13549 13550 13553 13556 13557 13561 13562 13564 13565 13567 13568 13571 13572 13573 13577 13580 13581 13582 13584 13587 13588 13590 13592 13595 13596 13601 13602 13603 13604 13607 13612 13613 13614 13616 13619 13620 13623 13624 13627 13628 13631 13632 13636 13638 13639 13642 13643 13645 13647 13649 13650 13660 13663 13664 13665 13667 13668 13670 13671 13674 13675 13679 13682 13683 13684 13689 13690 13691 13695 13698 13702 13704 13708 13712 13713 13714 13717 13721 13722 13727 13734 13735 13736 13738 13744 13745 13749 13751 13754 13756 13762 13763 13767 13768 13769 13770 13774 13778 13779 13780 13781 13782 13784 13787 13791 13795 13806 13807 13809 13810 13813 13815 13819 13820 13821 13822 13825 13826 13827 13829 13833 13836 13837 13844 13847 13850 13853 13854 13857 13862 13863 13869 13875 13876 13879 13886 13893 13894 13899 13905 13906 13907 13911 13915 13916 13918 13919 13920 13927 13931 13935 13936 13937 13940 13941 13945 13948 13951 13952 13955 13956 13961 13962 13963 13965 13967 13968 13969 13974 13977 13982 13983 13992 13995 13996 14000 14001 14005 14006 14008 14009 14017 14026 14027 14028 14029 14037 14040 14045 14056 14061 14063 14064 14066 14072 14074 14088 14094 14097 14099 14103 14114 14117 14124 14126 14129 14130 14132 14133 14147 14153 14161 14210 14279 14328 14337 14394 14395 14420 14423 14447 15076 15078 15079 15080 15081 15083 15087 15088 15091 15094 15095 15096 15097 15098 15099 18254 18265 18274 18289 18294 18299 18311 18326 18336 18344 18350 18353 18355 18363 18368 18382 18395 18405 18415 18428 18432 18434 18445 18446 18447 18451 18455 18458 18459 18460 18468 18469 18554 18555 18582 18584 18603 18612 18619 18621 18624 18626 18631 18632 18635 18636 18638 18639 18640 18642 18643 18645 18646 18647 18648 18649 18650 18652 18742 18743 18744 18746 18747 18748 18749 18750 18752 18753 18754 18755 18756 18757 18758 18759 18760 18761 18762 18763 18764 18765 18766 18767 18768 18769 18770 18771 18772 18773 18774 18775 18777 18778 18779 18780 18781 18782 18783 18784 18785 18786 18787 18789 18790 18791 18793 18794 18795 18796 18797 18798 18800 18801 18802 18803 18804 18805 18806 18807 18809 18810 18811 18812 18813 18814 18816 18817 18818 18819 18820 18822 18823 18824 18825 
	}
	manpower=1
	buildings_max_level_factor=1.000
	state_category=town
}
