
state={
	id=26
	name="STATE_26"

	history={
		owner = NKO
		add_core_of = NKO

	}

	provinces={
		302 369 425 450 532 583 2085 2209 2289 2701 2839 2856 3177 3221 3752 4381 4416 4484 4554 4879 5236 5468 5499 5509 5575 5600 5645 5659 5747 5960 6068 6163 6208 6227 6399 6445 6472 6604 6953 7000 7034 7204 7259 7326 7374 7481 7704 7973 8072 8157 8160 8268 8278 8303 8388 8416 8440 8511 8518 8638 8697 9261 9456 9823 9837 9872 9969 9994 10119 10151 10173 11616 11656 11702 11743 11784 11798 11820 11830 11836 11844 11850 11854 11856 11862 11865 11868 11878 11887 11891 11893 11903 11905 11911 11926 11939 11942 11950 11952 11960 11965 11972 11982 12005 12026 12045 12052 12060 12062 12083 12087 12096 12101 12108 12111 12115 12117 12126 12132 12156 15049 15050 15051 
	}
	manpower=1
	buildings_max_level_factor=1.000
	state_category=town
}
