
state={
	id=27
	name="STATE_27"
	provinces={
		715 867 1084 1598 1838 2619 2665 3132 3534 3767 3942 3962 3972 4056 4155 4342 4345 4457 4514 4587 4912 4945 4960 4972 5738 5752 6182 6296 6483 6550 6680 7345 7667 7700 7802 7836 7839 8172 8279 8402 8570 8606 8620 8655 8708 8832 9087 9170 9184 9237 9320 9538 9561 9785 9983 10180 12129 12149 12151 12157 12160 12165 12173 12187 12196 12208 12220 12237 12238 12281 12298 12312 12337 12377 12380 12450 12451 12462 12489 12494 12528 12535 12543 12590 12734 15052 15053 15057 15058 15059 15060 15061 15065 
	}
    
    history={
		owner = SKO
		add_core_of = SKO
	}
    
	manpower=1
	state_category = town
	buildings_max_level_factor=1.000
}
