
state={
	id=3
	name="STATE_3"
	provinces={
		1 71 96 868 1336 1909 1984 2173 2201 2378 2807 2862 2909 2949 3072 3142 3223 3242 3355 3540 3698 3844 4250 4435 4616 4688 4796 4818 4819 4889 5083 5115 5434 5453 5652 5655 6020 6254 6733 7230 7347 7401 7656 7913 7956 8021 8029 8049 8082 8558 8723 8751 8921 8966 9037 9126 9295 9304 9421 9447 9450 9675 9755 9767 9878 9972 10081 10141 10149 14931 14942 14944 14946 14953 14954 14956 14957 14958 14960 14961 14962 14965 14968 14969 14970 14973 14974 14975 14977 14978 14980 14981 14982 14983 14985 14987 14988 14989 14994 14997 14998 15000 15002 15005 15008 15009 15010 15014 15159 15160 15168 15170 15174 15180 15184 15185 15186 15187 15188 
	}
    
    history={
		owner = MAL
		add_core_of = MAL
	}
    
	manpower=1
	state_category = town
	buildings_max_level_factor=1.000
}
