
state={
	id=4
	name="STATE_4"
	provinces={
		37 56 108 517 560 713 779 819 888 1204 1272 1427 1636 1681 1995 2243 2319 2462 2537 2882 2886 3004 3624 3709 3718 3738 3870 3931 4071 4197 4306 4322 4408 4626 4706 4947 4975 5005 5042 5223 5361 5393 5695 5807 5982 5994 6044 6265 6270 6285 6352 6401 6500 6703 6728 6735 6769 6962 7132 7166 7203 7342 7354 7427 7434 7547 7552 7574 7664 7756 7778 7829 7830 7937 8047 8270 8277 8306 8370 8439 8451 8654 8682 8782 8907 8970 9195 9196 9298 9329 9348 9515 9686 9873 9966 10013 10049 10190 10201 10208 10219 10293 14964 14966 14976 14984 14986 14990 14991 14992 14993 14995 14996 14999 15001 15003 15004 15006 15007 15011 15012 15013 15015 15016 15017 15018 15019 15020 15021 15022 15023 15024 15025 15026 15027 15028 15029 15030 15031 15032 15176 15177 15178 15181 15182 15189 15190 15191 15192 15193 15194 15195 18474 
	}
    
    history={
		owner = INS
		add_core_of = INS
	}
    
	manpower=1
	state_category = town
	buildings_max_level_factor=1.000
}
