state={
	id=40
	name="STATE_40"
	provinces={
        14308 14290 14314 14322 14370 3641 2671 5775 9335 15152 15172 15171 15170 15168 15169 15167 15 8803 9665 8633 3357 4947 6961 7881 9291 7929 6840 14727 15165 15162 15159 15160 15157 15158 15161 15154 14840 14853 14844 14857 14878 14855 14888 14902 14866 15164 15163 15166 15155 15156 14516 14531 14539 14565 14475 17486 14568 14602 14611 14809 14832 14834 14916 14917 14905 14921 14919
    }
	
	history={
		buildings = {
			infrastructure = 1
		}
	}
	
	manpower=1
	buildings_max_level_factor=1.000
	state_category = wasteland
}