
state={
	id=5
	name="STATE_5"
	provinces={
		965 1028 1242 1561 2190 2388 2588 2792 2824 2871 3160 3403 3894 4221 4238 4735 4803 4985 5027 5511 5625 5716 5867 5926 6198 6391 7237 7412 7530 7637 7819 7842 7917 8328 8357 8395 8660 9106 9274 9484 9715 9773 14727 14741 14746 14751 14768 14772 14774 14778 14788 14792 14794 14799 14800 14802 14803 14815 14817 14819 14825 14839 14850 15135 15139 15147 18305 18678 
	}
    
    history={
		owner = CAM
		add_core_of = CAM
	}
    
	manpower=1
	state_category = town
	buildings_max_level_factor=1.000
}
