
state={
	id=6
	name="STATE_6"
	provinces={
		94 209 424 430 541 1492 2018 2061 2493 2529 2798 3098 3529 3669 3682 3919 4258 4351 4481 4697 4784 5122 5258 5454 5746 5792 6045 6051 6396 6440 6442 6452 6466 6471 6478 6494 6514 6597 6637 6682 6700 6715 6764 6820 7186 7213 7239 7266 7333 7431 7473 7484 7568 7605 7755 7894 7930 8134 8141 8190 8400 8458 8743 8810 8873 8933 9085 9094 9255 9278 9286 9323 9361 9420 9429 9465 9494 9534 9591 9708 9763 9896 9948 9963 10015 10051 10220 14432 14435 14463 14468 14508 14518 14553 14570 14581 14586 14591 14605 14608 14622 14628 14642 14666 14671 14676 14723 14728 14739 14762 14767 14785 14790 14797 14821 14831 14836 14840 14842 14847 14851 14856 14862 14868 14869 14872 14874 14879 14888 14890 14891 14894 14900 14901 14909 14914 14917 14919 14930 14939 15100 15110 15111 15112 15113 15114 15115 15116 15117 15118 15119 15120 15121 15122 15123 15124 15125 15126 15127 15128 15130 15134 15136 15137 15138 15142 15144 15145 15149 15150 15151 15155 15156 15157 15161 15164 15167 15169 15172 15173 15179 15183 18376 18835 
	}
    
    history={
		owner = PHI
		add_core_of = PHI
	}
    
	manpower=1
	buildings_max_level_factor=1.000
	state_category=town
}
