
state={
	id=7
	name="STATE_7"
	provinces={
		64 109 117 146 170 352 387 521 522 564 606 619 620 744 773 775 797 860 879 900 942 976 1045 1213 1223 1313 1360 1474 1513 1722 1745 1770 1879 2001 2099 2141 2248 2341 2446 2508 2511 2699 2719 2933 3021 3422 3467 3616 3717 3897 3909 3954 4029 4106 4139 4153 4184 4185 4228 4339 4357 4359 4360 4477 4479 4572 4634 4690 4693 4799 4801 4830 4842 4913 5013 5044 5047 5205 5229 5397 5433 5449 5470 5558 5590 5678 5679 5701 5748 5760 5803 5812 5836 5864 5950 5977 6047 6107 6121 6246 6267 6291 6325 6341 6349 6420 6496 6501 6512 6573 6574 6585 6655 6686 6699 6712 6740 6776 6798 6908 6916 6917 6919 6925 7013 7108 7143 7162 7193 7227 7293 7328 7367 7370 7382 7392 7402 7410 7498 7503 7521 7593 7675 7699 7710 7723 7733 7775 7873 7898 7943 7947 7949 7986 7998 8063 8084 8094 8123 8205 8208 8211 8218 8243 8244 8262 8282 8298 8412 8450 8506 8510 8611 8629 8676 8679 8746 8789 8815 8827 8829 8852 8879 8884 9006 9080 9090 9116 9119 9150 9193 9218 9254 9287 9309 9379 9415 9449 9470 9532 9680 9694 9736 9781 9786 9844 9885 9904 9960 9985 10217 10280 11408 11462 11483 11513 11529 11530 11546 11556 11584 11602 11617 11626 11642 11651 11654 11658 11660 11664 11669 11677 11695 11696 11715 11721 11749 11750 11779 11839 11912 11931 11953 11964 11973 11987 11997 11999 12007 12024 12055 12058 12076 12139 12166 12182 12188 12189 12216 12221 12251 12270 12275 12283 12299 12339 12341 12348 12353 12355 12365 12382 12396 12397 12398 12411 12419 12429 12432 12433 12452 12464 12466 12471 12472 12482 12503 12504 12510 12512 12514 12519 12521 12537 12541 12544 12549 12550 12552 12553 12564 12569 12579 12581 12582 12584 12599 12603 12643 12644 12657 12659 12681 12691 12706 12711 12738 12765 12775 12777 12780 12783 12794 12846 12868 12892 12919 12930 12937 15041 15042 15048 15054 15055 15056 15062 15063 15064 15066 15067 15068 15069 15070 15071 15072 15073 15074 15075 15077 15082 15084 15085 15086 15089 15090 15092 18426 
	}
    
    history={
		owner = JPP
		add_core_of = JPP
	}
    
	manpower=1
	buildings_max_level_factor=1.000
	state_category=town
}
