state={
	id=7
	name="STATE_7"
	provinces={
        10850 9091 3497 8046 1522 941 10741 10771 7791 10760 15071 10731 10725 10732 10763 10742 10733 6624 4353 2310 10647 10617 3746 4484 7348 2735 6426 3644 10680 5582 2559 10629 10603 10574 9218 9396 9793 5108 8334 6770 9542 5304 6101 7377 4653 10509 10495 10471 10482 10508 10496 10491 10520 10464 10429 10391 10378 10398 8609 5939 10418 10440 5183 8637 7790 15066 3896 2737 7628 6430 9205 5627 7825 6261 9580
    }
	
	history={
		owner = TES
		buildings = {
			infrastructure = 1
		}
	}
	
	manpower=1
	buildings_max_level_factor=1.000
	state_category = wasteland
}